7obik3azab
7laia5
7h2jtntbc8f8v
7A6Z2
79926076
7984894Ff
798115
797979
7974094
79719383
794613
79318642
793152
791979
7913599
789852
789789
789321
78925791a
78909217n
7888888888
78719176
786406
785412
78485254p
784512
781987
781967
781503
78122278
7810085582NESGE
780628
7805338
7791295
77867786
7785084
77807780
777ale
777abram
777718
7771975
7769489
77507773
7734632
772510504
77141929
769x671
7682914
768106
767931
76766767
76717040bjn
7655
762204
761451
761027
75950725
759100
758toto333
757855
75773312
7572
753951
7537429
750615
750417ella
750417
750411
7496BBH
7490110
7479BPL
74681655
74650011
74647159
74612345
741638
73macrprys
73562183
733173
731731
730996
73078954
730329ar
72793529R
72758925N
72699462
7241saigon
7238
72182469-m
72135465
72100108f
72076756
71974
71798728
71398
71377137
71280532
712090
7120712
71192
71165211z
71126297q
7106838
710207
7102006
71
70893
70892325
70883
7082912
70787
7077880
70648
7061975
70499
7031989
70308
70197106
70188
701302
70106532
7.89456E+11
7.27835E+11
7.05778E+11
7
6teen813
6septiembre
6DEMAYO
69_14_bb
697962370
6975228
69740007
696968
696746593
692028387
6918993
691202
69//54//90
687312692
6869840
686968
686726974
686557213
686104004
6840015
681993
681991
681216
680322
679319
678922930
678900
678847849
678179255
677425yo
677061052
6761775
676120621
675157619
675070461
6740715v
671995
670926
670622
670587865
67028368
669236236
66846684
667675004
667036443
66666669
6666666
6666
666569433a
666502562
6661985716
66483462
664539651
66290209
662741
662044270bibiana
661309
661183
660178895
65va28ay
65komoyokiera65
657529942
656559838
6563393779
655713275
651973
6519621668
651194612
650584980
650060011
650009152
649822120
649778437
6491eagleorion\'\'\'
647905190
646671284
6464hhddzznn
646063
645993750
644071
64180000
641452
639257
637tfj
63695471
636220732
635191204
634727388
6336689
630290255
630158230
62970
629651164
6294336
6292818
629279054
628320
6268BDC
626696787
626602726
626167798v
625972
625893
62421513
622016462
6214885
619904351
61986
619316
6189SILVIA1601
617639049
616308127
6161978
6142211761
61174
6112006
6101976
60991
60984
609661116
60944489
6091989
608637
60786
6071978
607089
607070990
606523731
6061984
60571
605221782
605
60484
6042982728
6042006
6041982
60394
6031985
6031974
60306
60302
60291
60284
60282
602426
60138**89310751**
601227
6011Anyita
601061
600415
600274901
6.96474E+11
6.4809E+11
5tgyfz
5ght40jo
5dnal01m
5de2de1979
5bc8600
5H16C74/
599999
59839995
59839946
59760486
5971671
5966595
596211
5940214LP
5923585
58je2s2us
58974630
589020
58752257
58636714
5850585
58239019
581225
58112727
580812leo
58065806
57993698
5792580
57924878
579016
57873529
5783198
57438556
5722394
57100TH
5701927
57-12-21
56960970
569113044
5690725
5689019
5688487
56825682
567362
565656
5644490
5628tata0579alex
561811,15
56120405
560019912007Arack
55994488
5571504
556884223
555goticos
5554549195BICHO
5553843
555149025
553571
5516905413mama
5515303011
5513372404
55107226
551010907
550502
5504504mamoona
55000
54ndr486r3n84y
54ndr486r33n84y
54coanas17
54791234
5478963210angel6
5456312559
545454
543210
542701
54265712cadios
5421252password
53prima
53jk1296
535684
53490602
53484985
53184690
53099012
53031678
53030686
52952777
52936467
5291987
52825199
52710859
52629
5260960
525252
52487188mega
52472110802
5238941
523584
523289
52015201
51de52ni53sse
51982
51830042
5172220
511982
51173
5111sd
510560
510214
50cen8105
50992
5092002
5091992
508ave
50881
50796
50782
507748
5061985
50607
50595
5051980
505005000
504789
504302274
5040000
503780667
5031998
50304
50191
50171
50025002
5.69322E+15
5.67496E+12
5.57041E+14
5.419E+15
5.07921E+11
4ndr34y0m4r
4mayo07*
4keegan4
4junio
4johnydeep2
4alex4ber
497322
497223
494949
491393
4891bulut
4878ATOZ
486922
48619401
4848224
481981
48004800
4791920
4790966
478082
4749robbin
474208
4740104
47011636
4700
466446
465220
46512630
4649740
46454328d
463338
4630228
4624438
461652
460546
4567bis
456321789
454545
4494128
449107leo
449107LEO
44688059w
44644046_b
44642894
446141
44550292
444444
4421590
441994
441963
441441
4401148
43rqpuz
43905667
43840598
4345651be
434311
43324332
432900
4326604+
432299
43
428565
427300
426968
426100
4245
424242
42344234
4227106
4223839
42132545
42129355
42104210
42095185beatriz
42083472
41989
41704655
41500MER
414541
414341
414236z?
41338059
41320885felipe
41298
4116767
41104110
41077
410520
4082970bere
4082879135
4081985
408061977
40751861
4075186
4071973
40713
407078811amacalli 
407078811amacalli
407078811amacall 
407078811amacall
407017988
40680
4061987
4052001
40502
40500
40478
40419475
404037600
404007395
40382905
40381
4037
4031982
40252163
401605
401557491
40018406
4.01944E+11
3ztr3llitax
3marzyuriria
3marzoyuriria
3maquiavelopri3
3lAmordami3do
3joshuaalberto12
3hotmail3
3grado
3fooor
3eleison3kyrie3
3daisy
3cd2000
3Acuario3
39562fargo
3932863
39299470
3920651
391981
391439
38encarna38
3893170
386702
38545305
3842581
38339818
37malena73
37926887
37909432
374836
373737
371905
36e900
369uvnpw76
369852147
369641
368001328
3665067
36620312
36600062
36325207cbsm
363100
361681
3603159
360213848
3589651258
358853
35705358
35674032
35671022
3557380622
35506334
35474663
35473898d
353535
35296683
351199
350Zteamo
35018087
35000buts
34985023
34618260
3455
34535794vgb
3442451289
343434
34212
34198927
3411moi
34053774
3402523
33804004
33457336
333869
33349564
3333333
333312
3327353
33233392rebeka
33076
3301984
32876809
32839458
327669
32745364
327400
323232
32193148
3216609
32043599
3201dinamarca
32003200
320032
3200
31977
31971
3195051
31901927
3182325
3175206
31575704
31557380
3142446313
3135xxx
3134
3131126288
3123
3122885
3121960
311987
31184
31163116
311310
311306
311275
3112743s
3112743
311083
311004
310895
3108802227
310785
3105zuly*
3102487807
31011982
30outubro31
30julio2005
30976
30975
30961199
30956332
3091992
30893
30884
30785
30782
30681
30668
3063832
306029161
30588
3051982
3049155
304212521
304194601getabb12
30417859
30365
30312837
303030
302719
302366347
30232522
302096743
3020302
301996beahoyales
30182
30171210
301208820
301196
301179
30111972
301056
301039451
301030
30091983
3009183
300786
30073007
30051985
30051088
300501
300497
300494
300400
30011968
3.96921E+11
3.87823E+14
3.49011E+14
3.4455E+11
3.33357E+11
3.22013E+11
3.15246E+11
3
2yele
2teamodrake
2ninos2
2lba7n71456sh
2hasta88
29surviveus
29dejulio
29900761
29805444
29790681220
29581096
29474295
293641108
29355337
293212
29192886
291882
29175201
29145467
29131715hermanos
29128429
291276
291251
29121977
291179
290988
29092001
29091977
290903
290872
29083694
29081985
290795
29072000
29068790
290585
29052002
290483
290465
29031983
29021964
290182
2901111
28dejulio
28DENOVI
289713
28944187k
28914041
28816454
2872luzx
28714
28700048
2860*yo
285_7@hotmail.com
2833bz
281987
281981
281967
281706
28122005
28122001
2811vic
281177
28101979
280990
280908
280888
280792
280787
28071977
280673
280658
28051970
280478
280278
280273
28021975
280204
280189
2800Nuka
28/05/1989
28.08.1976
27vestidos
27octubre30
27lindavista
27julio97
2799595
27934740
2792001
278876
278608-r
278359
27785
27710454
276211
27532303
27492245
27354j
2734026
272702b
2721987
272000
271985br
271979
2719785
271326
271271
27123287
27121995
27121981
271202
271185
271075israel.
270988
270980
270903
270854
270702
270686
270602
27051983Bea
27051982
27051972
270487
270476
270381b
27031977
27021992alger
27021985
270183
270182
270098
26novembre1991
26deoctubrede1995
26deoctubre
26ber7agus945up$
26be7agu945up$
26aya1caline1991
26708203
2669309
26646998
265874
26558874jcl
2652923
2652008
265200
26413823
2635208
2627072099
262170
2612182249
261192jb
261122
26111989
26108000
261012023
260985
26091
260899maria
260881
26082916
26071984
260705
260690
260684
26041989
260284
26020512
2601jesusalberto
26011986
26011978
260108amormio
26,03,95
25desetiembrede1958
25dejunio
25968158
258local115
25864211
258585
258054
2580121
2580000
255656
2551892bernal
2550680
2548657
25397423
2531974
25262732
252550
2525477
2525
25202520
251992
251984
25144636987
251284
25118925
251187puccaygaru
251185
251183
251080
25101990
25101983
250997
250988
250968
25081976
2508
250784
250779
25076377
250642
250606
250605
250596
250498
25031976
250300
2502bije
250185
250180
250101
25/06/1965
25-Nov-84
24vb+-*
24septiembre
24octobre1975
24dejuliode1971
24DENOVIEMBRE
24Augusto27
24@lospeatones
24911808
2488210
2480721
2477640
24688642
24564214
245432022
24403239
24346093
243353
24285960
242729
2420siempre
241193paola
24111985
241105
241091
241088
241087
241075
240978
24091941
240887
240883
24081990
240782
240774revin
24072006
240579
240495
240476
24041988
2403DfJ
240383vb
240379
24032403
240295carolina
24021985
240162
24012401
23okegin
23f32e23b
2387441
23688005
23636476
2353728466
2351986
23450769
234506000
23295673
23282008
